
11:05:22.789 设备发送:FE FE FE FE 68 01 00 00 00 00 00 68 11 04 33 32 34 35 B4 16

11:05:23.824 设备接收:68 01 00 00 00 00 00 68 91 0A 33 32 34 35 47 55 46 55 45 55 0B 16

11:05:23.870 设备发送:FE FE FE FE 68 01 00 00 00 00 00 68 11 04 33 32 35 35 B5 16

11:05:24.804 设备接收:68 01 00 00 00 00 00 68 91 0D 33 32 35 35 33 33 33 33 33 33 33 33 33 09 16

11:05:24.854 设备发送:FE FE FE FE 68 01 00 00 00 00 00 68 11 04 33 32 36 35 B6 16

11:05:25.820 设备接收:68 01 00 00 00 00 00 68 91 10 33 32 36 35 33 33 33 33 33 33 33 33 33 33 33 33 A6 16

11:05:25.871 设备发送:FE FE FE FE 68 01 00 00 00 00 00 68 11 04 33 32 37 35 B7 16

11:05:26.856 设备接收:68 01 00 00 00 00 00 68 91 10 33 32 37 35 33 33 33 33 33 33 33 33 33 33 33 33 A7 16

11:05:27.874 设备发送:FE FE FE FE 68 01 00 00 00 00 00 68 11 04 33 32 34 35 B4 16

11:05:28.986 设备接收:68 01 00 00 00 00 00 68 91 0A 33 32 34 35 53 55 54 55 4B 55 2B 16

11:05:29.063 设备发送:FE FE FE FE 68 01 00 00 00 00 00 68 11 04 33 32 35 35 B5 16

11:05:29.992 设备接收:68 01 00 00 00 00 00 68 91 0D 33 32 35 35 33 33 33 33 33 33 33 33 33 09 16

11:05:30.035 设备发送:FE FE FE FE 68 01 00 00 00 00 00 68 11 04 33 32 36 35 B6 16

11:05:30.934 设备接收:68 01 00 00 00 00 00 68 91 10 33 32 36 35 33 33 33 33 33 33 33 33 33 33 33 33 A6 16

11:05:30.978 设备发送:FE FE FE FE 68 01 00 00 00 00 00 68 11 04 33 32 37 35 B7 16

11:05:32.155 设备接收:68 01 00 00 00 00 00 68 91 10 33 32 37 35 33 33 33 33 33 33 33 33 33 33 33 33 A7 16

11:05:32.996 设备发送:FE FE FE FE 68 01 00 00 00 00 00 68 11 04 33 32 34 35 B4 16

11:05:34.012 设备接收:68 01 00 00 00 00 00 68 91 0A 33 32 34 35 53 55 53 55 4C 55 2B 16

11:05:34.057 设备发送:FE FE FE FE 68 01 00 00 00 00 00 68 11 04 33 32 35 35 B5 16

11:05:35.076 设备接收:68 01 00 00 00 00 00 68 91 0D 33 32 35 35 33 33 33 33 33 33 33 33 33 09 16

11:05:35.132 设备发送:FE FE FE FE 68 01 00 00 00 00 00 68 11 04 33 32 36 35 B6 16

11:05:36.089 设备接收:68 01 00 00 00 00 00 68 91 10 33 32 36 35 33 33 33 33 33 33 33 33 33 33 33 33 A6 16

11:05:36.133 设备发送:FE FE FE FE 68 01 00 00 00 00 00 68 11 04 33 32 37 35 B7 16

11:05:37.124 设备接收:68 01 00 00 00 00 00 68 91 10 33 32 37 35 33 33 33 33 33 33 33 33 33 33 33 33 A7 16

11:05:38.195 设备发送:FE FE FE FE 68 01 00 00 00 00 00 68 11 04 33 32 34 35 B4 16

11:05:39.163 设备接收:68 01 00 00 00 00 00 68 91 0A 33 32 34 35 4A 55 4B 55 49 55 17 16

11:05:39.212 设备发送:FE FE FE FE 68 01 00 00 00 00 00 68 11 04 33 32 35 35 B5 16

11:05:40.254 设备接收:68 01 00 00 00 00 00 68 91 0D 33 32 35 35 33 33 33 33 33 33 33 33 33 09 16

11:05:40.303 设备发送:FE FE FE FE 68 01 00 00 00 00 00 68 11 04 33 32 36 35 B6 16

11:05:41.327 设备接收:68 01 00 00 00 00 00 68 91 10 33 32 36 35 33 33 33 33 33 33 33 33 33 33 33 33 A6 16

11:05:41.381 设备发送:FE FE FE FE 68 01 00 00 00 00 00 68 11 04 33 32 37 35 B7 16

11:05:42.339 设备接收:68 01 00 00 00 00 00 68 91 10 33 32 37 35 33 33 33 33 33 33 33 33 33 33 33 33 A7 16

11:05:43.418 设备发送:FE FE FE FE 68 01 00 00 00 00 00 68 11 04 33 32 34 35 B4 16


11:05:45.18400

