
17:06:52.787 设备发送:FE FE FE FE 68 01 00 00 00 00 00 68 11 04 33 34 34 35 B6 16

17:06:53.792 设备接收:68 01 00 00 00 00 00 68 91 06 33 34 34 35 89 55 16 16

17:06:53.843 设备发送:FE FE FE FE 68 01 00 00 00 00 00 68 11 04 33 35 34 35 B7 16

17:06:54.821 设备接收:68 01 00 00 00 00 00 68 91 06 33 35 34 35 89 55 17 16

17:06:54.865 设备发送:FE FE FE FE 68 01 00 00 00 00 00 68 11 04 33 36 34 35 B8 16

17:06:55.847 设备接收:68 01 00 00 00 00 00 68 91 06 33 36 34 35 93 55 22 16

17:06:56.881 设备发送:FE FE FE FE 68 01 00 00 00 00 00 68 11 04 33 34 34 35 B6 16

17:06:57.880 设备接收:68 01 00 00 00 00 00 68 91 06 33 34 34 35 96 55 23 16

17:06:57.936 设备发送:FE FE FE FE 68 01 00 00 00 00 00 68 11 04 33 35 34 35 B7 16

17:06:58.901 设备接收:68 01 00 00 00 00 00 68 91 06 33 35 34 35 97 55 25 16

17:06:58.952 设备发送:FE FE FE FE 68 01 00 00 00 00 00 68 11 04 33 36 34 35 B8 16

17:06:59.936 设备接收:68 01 00 00 00 00 00 68 91 06 33 36 34 35 8B 55 1A 16

17:07:00.31400

