
10:59:56.913 设备发送:FE FE FE FE 68 01 00 00 00 00 00 68 11 04 33 34 34 35 B6 16

10:59:57.937 设备接收:68 01 00 00 00 00 00 68 91 06 33 34 34 35 43 55 D0 16

10:59:57.991 设备发送:FE FE FE FE 68 01 00 00 00 00 00 68 11 04 33 35 34 35 B7 16

10:59:58.947 设备接收:68 01 00 00 00 00 00 68 91 06 33 35 34 35 45 55 D3 16

10:59:58.993 设备发送:FE FE FE FE 68 01 00 00 00 00 00 68 11 04 33 36 34 35 B8 16

10:59:59.949 设备接收:68 01 00 00 00 00 00 68 91 06 33 36 34 35 43 55 D2 16

10:59:59.993 设备发送:FE FE FE FE 68 01 00 00 00 00 00 68 11 04 33 32 35 35 B5 16

11:00:01.009 设备接收:68 01 00 00 00 00 00 68 91 0D 33 32 35 35 33 33 33 33 33 33 33 33 33 09 16

11:00:02.012 设备发送:FE FE FE FE 68 01 00 00 00 00 00 68 11 04 33 34 34 35 B6 16

11:00:03.010 设备接收:68 01 00 00 00 00 00 68 91 06 33 34 34 35 44 55 D1 16

11:00:03.057 设备发送:FE FE FE FE 68 01 00 00 00 00 00 68 11 04 33 35 34 35 B7 16

11:00:04.080 设备接收:68 01 00 00 00 00 00 68 91 06 33 35 34 35 46 55 D4 16

11:00:04.131 设备发送:FE FE FE FE 68 01 00 00 00 00 00 68 11 04 33 36 34 35 B8 16

11:00:05.105 设备接收:68 01 00 00 00 00 00 68 91 06 33 36 34 35 45 55 D4 16

11:00:05.152 设备发送:FE FE FE FE 68 01 00 00 00 00 00 68 11 04 33 32 35 35 B5 16

11:00:06.123 设备接收:68 01 00 00 00 00 00 68 91 0D 33 32 35 35 33 33 33 33 33 33 33 33 33 09 16

11:00:07.156 设备发送:FE FE FE FE 68 01 00 00 00 00 00 68 11 04 33 34 34 35 B6 16

11:00:08.279 设备接收:68 01 00 00 00 00 00 68 91 06 33 34 34 35 45 55 D2 16

11:00:08.333 设备发送:FE FE FE FE 68 01 00 00 00 00 00 68 11 04 33 35 34 35 B7 16

11:00:09.225 设备接收:68 01 00 00 00 00 00 68 91 06 33 35 34 35 47 55 D5 16

11:00:09.270 设备发送:FE FE FE FE 68 01 00 00 00 00 00 68 11 04 33 36 34 35 B8 16

11:00:10.269 设备接收:68 01 00 00 00 00 00 68 91 06 33 36 34 35 45 55 D4 16

11:00:10.319 设备发送:FE FE FE FE 68 01 00 00 00 00 00 68 11 04 33 32 35 35 B5 16

11:00:11.286 设备接收:68 01 00 00 00 00 00 68 91 0D 33 32 35 35 33 33 33 33 33 33 33 33 33 09 16

11:00:12.299 设备发送:FE FE FE FE 68 01 00 00 00 00 00 68 11 04 33 34 34 35 B6 16

11:00:13.398 设备接收:68 01 00 00 00 00 00 68 91 06 33 34 34 35 47 55 D4 16

11:00:13.444 设备发送:FE FE FE FE 68 01 00 00 00 00 00 68 11 04 33 35 34 35 B7 16

11:00:14.363 设备接收:68 01 00 00 00 00 00 68 91 06 33 35 34 35 48 55 D6 16

11:00:14.408 设备发送:FE FE FE FE 68 01 00 00 00 00 00 68 11 04 33 36 34 35 B8 16

11:00:15.446 设备接收:68 01 00 00 00 00 00 68 91 06 33 36 34 35 47 55 D6 16

11:00:15.497 设备发送:FE FE FE FE 68 01 00 00 00 00 00 68 11 04 33 32 35 35 B5 16

11:00:16.470 设备接收:68 01 00 00 00 00 00 68 91 0D 33 32 35 35 33 33 33 33 33 33 33 33 33 09 16

11:00:17.484 设备发送:FE FE FE FE 68 01 00 00 00 00 00 68 11 04 33 34 34 35 B6 16

11:00:19.543 设备接收:68 01 00 00 00 00 00 68 91 06 33 35 34 35 46 55 D4 16

11:00:19.592 设备发送:FE FE FE FE 68 01 00 00 00 00 00 68 11 04 33 36 34 35 B8 16

11:00:20.552 设备接收:68 01 00 00 00 00 00 68 91 06 33 36 34 35 45 55 D4 16

11:00:20.599 设备发送:FE FE FE FE 68 01 00 00 00 00 00 68 11 04 33 32 35 35 B5 16

11:00:21.51700

